0.0344828   0.0714286   -0.000617723   -0.000243152
0.0344828   0.142857   -0.00144509   -0.000295558
0.0344828   0.214286   -0.00234325   -0.000321745
0.0344828   0.285714   -0.00333083   -0.000355326
0.0344828   0.357143   -0.00443784   -0.000397488
0.0344828   0.428571   -0.00569173   -0.000446034
0.0344828   0.5   -0.00711453   -0.000497553
0.0344828   0.571429   -0.00872039   -0.000547947
0.0344828   0.642857   -0.0105148   -0.00059614
0.0344828   0.714286   -0.0125037   -0.000665101
0.0344828   0.785714   -0.0147461   -0.000921557
0.0344828   0.857143   -0.0175597   -0.00220814
0.0344828   0.928571   -0.0214391   0.00297764
0.0689655   0.0714286   -0.000866543   -0.000697631
0.0689655   0.142857   -0.00199107   -0.000833011
0.0689655   0.214286   -0.00321403   -0.000910355
0.0689655   0.285714   -0.00456454   -0.00101119
0.0689655   0.357143   -0.00608657   -0.00113975
0.0689655   0.428571   -0.00782274   -0.00129219
0.0689655   0.5   -0.00981125   -0.00146211
0.0689655   0.571429   -0.0120832   -0.0016415
0.0689655   0.642857   -0.0146602   -0.0018264
0.0689655   0.714286   -0.0175527   -0.00204269
0.0689655   0.785714   -0.0207463   -0.00244087
0.0689655   0.857143   -0.0239883   -0.0032311
0.0689655   0.928571   -0.0242727   0.00847712
0.103448   0.0714286   -0.000918386   -0.00120436
0.103448   0.142857   -0.00210066   -0.00142883
0.103448   0.214286   -0.00338763   -0.00156411
0.103448   0.285714   -0.00481272   -0.00174207
0.103448   0.357143   -0.00642438   -0.00197041
0.103448   0.428571   -0.00827051   -0.00224415
0.103448   0.5   -0.0103954   -0.00255433
0.103448   0.571429   -0.0128367   -0.00288883
0.103448   0.642857   -0.0156199   -0.00323656
0.103448   0.714286   -0.0187461   -0.00360324
0.103448   0.785714   -0.0221373   -0.00402844
0.103448   0.857143   -0.0253278   -0.00391051
0.103448   0.928571   -0.0252622   0.0145582
0.137931   0.0714286   -0.000906939   -0.00171174
0.137931   0.142857   -0.0020725   -0.00202506
0.137931   0.214286   -0.00334334   -0.00221962
0.137931   0.285714   -0.004755   -0.0024772
0.137931   0.357143   -0.00635783   -0.00280903
0.137931   0.428571   -0.00820216   -0.00320925
0.137931   0.5   -0.0103354   -0.00366646
0.137931   0.571429   -0.0127982   -0.00416366
0.137931   0.642857   -0.0156174   -0.00467926
0.137931   0.714286   -0.0187885   -0.00518901
0.137931   0.785714   -0.0222185   -0.00561822
0.137931   0.857143   -0.0254917   -0.00473971
0.137931   0.928571   -0.0262231   0.0207043
0.172414   0.0714286   -0.000875337   -0.00220488
0.172414   0.142857   -0.00199967   -0.00260503
0.172414   0.214286   -0.0032287   -0.00285911
0.172414   0.285714   -0.00459968   -0.00319734
0.172414   0.357143   -0.00616447   -0.00363456
0.172414   0.428571   -0.00797575   -0.00416436
0.172414   0.5   -0.0100841   -0.00477311
0.172414   0.571429   -0.012534   -0.00543875
0.172414   0.642857   -0.0153561   -0.00612843
0.172414   0.714286   -0.0185515   -0.00678998
0.172414   0.785714   -0.0220513   -0.00726448
0.172414   0.857143   -0.0255747   -0.00584377
0.172414   0.928571   -0.0271834   0.0268646
0.206897   0.0714286   -0.000832909   -0.0026771
0.206897   0.142857   -0.00190217   -0.00316117
0.206897   0.214286   -0.00307512   -0.0034748
0.206897   0.285714   -0.00439072   -0.00389447
0.206897   0.357143   -0.00590249   -0.00443886
0.206897   0.428571   -0.00766579   -0.00510148
0.206897   0.5   -0.00973527   -0.00586697
0.206897   0.571429   -0.0121608   -0.00670876
0.206897   0.642857   -0.0149805   -0.00758427
0.206897   0.714286   -0.0182095   -0.00842116
0.206897   0.785714   -0.0218199   -0.00900874
0.206897   0.857143   -0.0256605   -0.00721732
0.206897   0.928571   -0.0279586   0.0330507
0.241379   0.0714286   -0.000781142   -0.00312317
0.241379   0.142857   -0.00178332   -0.00368747
0.241379   0.214286   -0.00288767   -0.00406048
0.241379   0.285714   -0.00413495   -0.00456227
0.241379   0.357143   -0.00558042   -0.00521562
0.241379   0.428571   -0.00728263   -0.00601467
0.241379   0.5   -0.00930117   -0.0069431
0.241379   0.571429   -0.0116929   -0.00797093
0.241379   0.642857   -0.0145061   -0.00904848
0.241379   0.714286   -0.0177736   -0.0100918
0.241379   0.785714   -0.0215088   -0.0108616
0.241379   0.857143   -0.0256504   -0.0088073
0.241379   0.928571   -0.0283982   0.0392524
0.275862   0.0714286   -0.000720206   -0.00353802
0.275862   0.142857   -0.0016436   -0.00417812
0.275862   0.214286   -0.00266698   -0.00461007
0.275862   0.285714   -0.00383288   -0.00519441
0.275862   0.357143   -0.00519835   -0.00595842
0.275862   0.428571   -0.00682554   -0.00689771
0.275862   0.5   -0.00877985   -0.00799607
0.275862   0.571429   -0.0111265   -0.00922148
0.275862   0.642857   -0.0139255   -0.0105198
0.275862   0.714286   -0.0172273   -0.0118017
0.275862   0.785714   -0.0210771   -0.0128113
0.275862   0.857143   -0.0254579   -0.0105433
0.275862   0.928571   -0.0284243   0.0454337
0.310345   0.0714286   -0.000650153   -0.00391663
0.310345   0.142857   -0.00148321   -0.0046273
0.310345   0.214286   -0.0024132   -0.00511737
0.310345   0.285714   -0.00348428   -0.00578431
0.310345   0.357143   -0.00475527   -0.00666036
0.310345   0.428571   -0.0062922   -0.00774367
0.310345   0.5   -0.00816706   -0.00901943
0.310345   0.571429   -0.0104547   -0.010455
0.310345   0.642857   -0.0132275   -0.0119937
0.310345   0.714286   -0.016552   -0.0135443
0.310345   0.785714   -0.020492   -0.0148349
0.310345   0.857143   -0.0250334   -0.0123542
0.310345   0.928571   -0.0280236   0.0515424
0.344828   0.0714286   -0.000571097   -0.00425405
0.344828   0.142857   -0.00130248   -0.00502924
0.344828   0.214286   -0.00212665   -0.0055761
0.344828   0.285714   -0.00308909   -0.00632507
0.344828   0.357143   -0.00425022   -0.00731397
0.344828   0.428571   -0.00568011   -0.00854478
0.344828   0.5   -0.00745808   -0.0100055
0.344828   0.571429   -0.00966974   -0.0116645
0.344828   0.642857   -0.012401   -0.0134633
0.344828   0.714286   -0.0157316   -0.0153088
0.344828   0.785714   -0.0197326   -0.0169058
0.344828   0.857143   -0.0243595   -0.0141792
0.344828   0.928571   -0.0272296   0.0575188
0.37931   0.0714286   -0.000483264   -0.00454541
0.37931   0.142857   -0.00110194   -0.00537825
0.37931   0.214286   -0.00180794   -0.00597987
0.37931   0.285714   -0.0026476   -0.00680948
0.37931   0.357143   -0.00368252   -0.0079112
0.37931   0.428571   -0.00498689   -0.00929229
0.37931   0.5   -0.00664802   -0.0109455
0.37931   0.571429   -0.00876371   -0.0128413
0.37931   0.642857   -0.0114347   -0.0149201
0.37931   0.714286   -0.0147532   -0.0170837
0.37931   0.785714   -0.0187883   -0.0190001
0.37931   0.857143   -0.0234419   -0.0159734
0.37931   0.928571   -0.0261033   0.0633022
0.413793   0.0714286   -0.000387015   -0.00478602
0.413793   0.142857   -0.000882439   -0.00566874
0.413793   0.214286   -0.00145814   -0.00632228
0.413793   0.285714   -0.00216061   -0.00723004
0.413793   0.357143   -0.00305203   -0.00844329
0.413793   0.428571   -0.00421052   -0.00997639
0.413793   0.5   -0.00573202   -0.0118288
0.413793   0.571429   -0.00772826   -0.0139753
0.413793   0.642857   -0.0103174   -0.0163548
0.413793   0.714286   -0.0136057   -0.0188587
0.413793   0.785714   -0.0176558   -0.0211004
0.413793   0.857143   -0.0223015   -0.0177106
0.413793   0.928571   -0.0247189   0.0688356
0.448276   0.0714286   -0.000282878   -0.00497142
0.448276   0.142857   -0.000645152   -0.00589535
0.448276   0.214286   -0.00107883   -0.00659692
0.448276   0.285714   -0.00162957   -0.00757895
0.448276   0.357143   -0.0023593   -0.00890081
0.448276   0.428571   -0.00334956   -0.0105861
0.448276   0.5   -0.00470538   -0.0126437
0.448276   0.571429   -0.00655461   -0.0150549
0.448276   0.642857   -0.00903714   -0.0177575
0.448276   0.714286   -0.0122781   -0.0206263
0.448276   0.785714   -0.0163355   -0.0231981
0.448276   0.857143   -0.0209667   -0.0193832
0.448276   0.928571   -0.023152   0.0740684
0.482759   0.0714286   -0.000171577   -0.00509748
0.482759   0.142857   -0.00039169   -0.00605299
0.482759   0.214286   -0.000672228   -0.00679752
0.482759   0.285714   -0.00105682   -0.0078482
0.482759   0.357143   -0.00160586   -0.00927362
0.482759   0.428571   -0.00240339   -0.011109
0.482759   0.5   -0.00356375   -0.0133761
0.482759   0.571429   -0.00523336   -0.0160665
0.482759   0.642857   -0.00757995   -0.0191179
0.482759   0.714286   -0.0107572   -0.0223821
0.482759   0.785714   -0.0148269   -0.0252949
0.482759   0.857143   -0.0194676   -0.0210013
0.482759   0.928571   -0.0214725   0.0789574
0.517241   0.0714286   -5.4061e-05   -0.00516051
0.517241   0.142857   -0.000124149   -0.00613704
0.517241   0.214286   -0.000241352   -0.00691802
0.517241   0.285714   -0.000445747   -0.00802967
0.517241   0.357143   -0.000794502   -0.00955088
0.517241   0.428571   -0.00137267   -0.0115313
0.517241   0.5   -0.00230343   -0.0140099
0.517241   0.571429   -0.00375434   -0.0169938
0.517241   0.642857   -0.005929   -0.0204242
0.517241   0.714286   -0.00902473   -0.0241248
0.517241   0.785714   -0.0131243   -0.0274031
0.517241   0.857143   -0.0178309   -0.0225915
0.517241   0.928571   -0.0197407   0.0834666
0.551724   0.0714286   6.84702e-05   -0.00515741
0.551724   0.142857   0.000154825   -0.00614341
0.551724   0.214286   0.000209892   -0.00695277
0.551724   0.285714   0.000198977   -0.00811524
0.551724   0.357143   7.03223e-05   -0.0097211
0.551724   0.428571   -0.000259778   -0.0118374
0.551724   0.5   -0.000921885   -0.0145259
0.551724   0.571429   -0.00210663   -0.0178168
0.551724   0.642857   -0.00406319   -0.0216622
0.551724   0.714286   -0.00705403   -0.0258557
0.551724   0.785714   -0.0112121   -0.0295461
0.551724   0.857143   -0.0160749   -0.0241954
0.551724   0.928571   -0.0180048   0.0875655
0.586207   0.0714286   0.000194548   -0.00508577
0.586207   0.142857   0.000441982   -0.00606877
0.586207   0.214286   0.000676584   -0.0068967
0.586207   0.285714   0.000871145   -0.00809705
0.586207   0.357143   0.000982095   -0.00977235
0.586207   0.428571   0.000930493   -0.0120103
0.586207   0.5   0.000581464   -0.0149015
0.586207   0.571429   -0.000279042   -0.0185103
0.586207   0.642857   -0.00195607   -0.0228126
0.586207   0.714286   -0.0048061   -0.027576
0.586207   0.785714   -0.00905802   -0.031758
0.586207   0.857143   -0.0142052   -0.0258707
0.586207   0.928571   -0.0163007   0.0912269
0.62069   0.0714286   0.000322427   -0.00494404
0.62069   0.142857   0.000733444   -0.0059107
0.62069   0.214286   0.0011527   -0.00674559
0.62069   0.285714   0.0015628   -0.00796775
0.62069   0.357143   0.00193175   -0.00969245
0.62069   0.428571   0.00219008   -0.0120308
0.62069   0.5   0.00220402   -0.0151098
0.62069   0.571429   0.00173886   -0.0190418
0.62069   0.642857   0.000424775   -0.0238477
0.62069   0.714286   -0.00222493   -0.0292842
0.62069   0.785714   -0.00660501   -0.0340836
0.62069   0.857143   -0.0122082   -0.0276919
0.62069   0.928571   -0.0146494   0.0944231
0.655172   0.0714286   0.000450087   -0.00473169
0.655172   0.142857   0.0010247   -0.00566795
0.655172   0.214286   0.00163105   -0.00649632
0.655172   0.285714   0.00226406   -0.00772095
0.655172   0.357143   0.00290719   -0.00946952
0.655172   0.428571   0.00350662   -0.0118788
0.655172   0.5   0.00393822   -0.0151193
0.655172   0.571429   0.00395463   -0.0193692
0.655172   0.642857   0.00311736   -0.0247261
0.655172   0.714286   0.000767897   -0.0309697
0.655172   0.785714   -0.00375832   -0.0365775
0.655172   0.857143   -0.0100411   -0.0297542
0.655172   0.928571   -0.0130529   0.0971205
0.689655   0.0714286   0.000575256   -0.00444936
0.689655   0.142857   0.00131063   -0.00534058
0.689655   0.214286   0.00210331   -0.00614727
0.689655   0.285714   0.00296297   -0.00735168
0.689655   0.357143   0.00389281   -0.00909259
0.689655   0.428571   0.00486228   -0.0115331
0.689655   0.5   0.0057692   -0.0148935
0.689655   0.571429   0.00636938   -0.0194381
0.689655   0.642857   0.00616302   -0.0253861
0.689655   0.714286   0.00427929   -0.0326035
0.689655   0.785714   -0.000365688   -0.0393018
0.689655   0.857143   -0.00761395   -0.0321789
0.689655   0.928571   -0.0114814   0.0992706
0.724138   0.0714286   0.000695457   -0.00409897
0.724138   0.142857   0.00158561   -0.00493027
0.724138   0.214286   0.00256009   -0.00569864
0.724138   0.285714   0.00364552   -0.00685705
0.724138   0.357143   0.00486919   -0.00855261
0.724138   0.428571   0.00623252   -0.010973
0.724138   0.5   0.00767165   -0.0143917
0.724138   0.571429   0.00897212   -0.0191791
0.724138   0.642857   0.00960051   -0.0257352
0.724138   0.714286   0.00845003   -0.0341215
0.724138   0.785714   0.00381534   -0.0423191
0.724138   0.857143   -0.00475354   -0.0351204
0.724138   0.928571   -0.00985364   0.100796
0.758621   0.0714286   0.000808067   -0.00368389
0.758621   0.142857   0.00184364   -0.00444042
0.758621   0.214286   0.00299114   -0.00515284
0.758621   0.285714   0.00429584   -0.00623695
0.758621   0.357143   0.00581298   -0.0078437
0.758621   0.428571   0.00758503   -0.0101802
0.758621   0.5   0.00960632   -0.0135709
0.758621   0.571429   0.0117314   -0.0185069
0.758621   0.642857   0.0134537   -0.0256381
0.758621   0.714286   0.013456   -0.0353963
0.758621   0.785714   0.00917253   -0.0456759
0.758621   0.857143   -0.00112298   -0.0387777
0.758621   0.928571   -0.00802301   0.101565
0.793103   0.0714286   0.000910387   -0.00320894
0.793103   0.142857   0.00207845   -0.00387637
0.793103   0.214286   0.00338556   -0.00451482
0.793103   0.285714   0.00489643   -0.00549479
0.793103   0.357143   0.00669704   -0.00696472
0.793103   0.428571   0.00887899   -0.00914171
0.793103   0.5   0.0115161   -0.01239
0.793103   0.571429   0.0145834   -0.0173217
0.793103   0.642857   0.0177077   -0.0249026
0.793103   0.714286   0.0194939   -0.0361883
0.793103   0.785714   0.0163283   -0.0493572
0.793103   0.857143   0.00398192   -0.0434217
0.793103   0.928571   -0.00584511   0.101338
0.827586   0.0714286   0.000999528   -0.0026805
0.827586   0.142857   0.00228333   -0.00324551
0.827586   0.214286   0.00373147   -0.00379243
0.827586   0.285714   0.00542776   -0.0046383
0.827586   0.357143   0.00748973   -0.00592108
0.827586   0.428571   0.0100633   -0.00785375
0.827586   0.5   0.0133201   -0.0108171
0.827586   0.571429   0.0174135   -0.0155178
0.827586   0.642857   0.0222611   -0.0232675
0.827586   0.714286   0.0267155   -0.0360623
0.827586   0.785714   0.0262443   -0.0531645
0.827586   0.857143   0.012148   -0.0494821
0.827586   0.928571   -0.00354147   0.0996431
0.862069   0.0714286   0.0010711   -0.00210665
0.862069   0.142857   0.00244825   -0.0025575
0.862069   0.214286   0.0040116   -0.00299682
0.862069   0.285714   0.00586194   -0.00368046
0.862069   0.357143   0.00814621   -0.0047269
0.862069   0.428571   0.0110642   -0.00632703
0.862069   0.5   0.0148942   -0.00884162
0.862069   0.571429   0.0200137   -0.0130054
0.862069   0.642857   0.0268164   -0.020412
0.862069   0.714286   0.0349918   -0.0342654
0.862069   0.785714   0.0401219   -0.0563898
0.862069   0.857143   0.0269342   -0.0578011
0.862069   0.928571   -0.00256771   0.0954738
0.896552   0.0714286   0.0011117   -0.00149859
0.896552   0.142857   0.00254378   -0.00182596
0.896552   0.214286   0.00417732   -0.00214445
0.896552   0.285714   0.00612523   -0.00264228
0.896552   0.357143   0.00855687   -0.00340967
0.896552   0.428571   0.0117156   -0.00459612
0.896552   0.5   0.0159736   -0.00649661
0.896552   0.571429   0.0219334   -0.00976223
0.896552   0.642857   0.0305821   -0.0160367
0.896552   0.714286   0.0431817   -0.029639
0.896552   0.785714   0.0581369   -0.0570544
0.896552   0.857143   0.0551327   -0.0700909
0.896552   0.928571   -0.00323841   0.0866404
0.931034   0.0714286   0.00106883   -0.000878615
0.931034   0.142857   0.0024554   -0.00107755
0.931034   0.214286   0.00404247   -0.00126784
0.931034   0.285714   0.00594394   -0.00156619
0.931034   0.357143   0.00833417   -0.0020281
0.931034   0.428571   0.0114711   -0.00274652
0.931034   0.5   0.0157679   -0.0039089
0.931034   0.571429   0.0219519   -0.00595301
0.931034   0.642857   0.0314525   -0.0101542
0.931034   0.714286   0.0473135   -0.0209631
0.931034   0.785714   0.0745982   -0.0506203
0.931034   0.857143   0.103734   -0.0874305
0.931034   0.928571   0.0377615   0.068858
0.965517   0.0714286   0.000780554   -0.000313218
0.965517   0.142857   0.00181999   -0.000390405
0.965517   0.214286   0.00301262   -0.000460329
0.965517   0.285714   0.00444623   -0.000570426
0.965517   0.357143   0.00625686   -0.000741376
0.965517   0.428571   0.0086473   -0.00100743
0.965517   0.5   0.0119461   -0.00143691
0.965517   0.571429   0.0167443   -0.00219036
0.965517   0.642857   0.0242773   -0.00379317
0.965517   0.714286   0.0377779   -0.00881
0.965517   0.785714   0.0677008   -0.0298168
0.965517   0.857143   0.142634   -0.0878741
0.965517   0.928571   0.248807   0.0365618
