0.0344828   0.0714286   -1.44631e-05
0.0344828   0.142857   -3.4736e-05
0.0344828   0.214286   -5.66857e-05
0.0344828   0.285714   -8.06996e-05
0.0344828   0.357143   -0.000107447
0.0344828   0.428571   -0.000137484
0.0344828   0.5   -0.000171166
0.0344828   0.571429   -0.000208563
0.0344828   0.642857   -0.000249444
0.0344828   0.714286   -0.000293726
0.0344828   0.785714   -0.000344458
0.0344828   0.857143   -0.000425377
0.0344828   0.928571   -0.000659907
0.0689655   0.0714286   -4.26016e-05
0.0689655   0.142857   -9.96616e-05
0.0689655   0.214286   -0.000161603
0.0689655   0.285714   -0.000229712
0.0689655   0.357143   -0.000306058
0.0689655   0.428571   -0.000392533
0.0689655   0.5   -0.000490658
0.0689655   0.571429   -0.000601407
0.0689655   0.642857   -0.000725158
0.0689655   0.714286   -0.000862321
0.0689655   0.785714   -0.00101697
0.0689655   0.857143   -0.00121102
0.0689655   0.928571   -0.00147856
0.103448   0.0714286   -7.42248e-05
0.103448   0.142857   -0.000172051
0.103448   0.214286   -0.000278343
0.103448   0.285714   -0.000395496
0.103448   0.357143   -0.00052721
0.103448   0.428571   -0.000676983
0.103448   0.5   -0.000847803
0.103448   0.571429   -0.00104189
0.103448   0.642857   -0.00126049
0.103448   0.714286   -0.00150425
0.103448   0.785714   -0.00177524
0.103448   0.857143   -0.00207974
0.103448   0.928571   -0.00233388
0.137931   0.0714286   -0.000105939
0.137931   0.142857   -0.000244535
0.137931   0.214286   -0.000395233
0.137931   0.285714   -0.000561624
0.137931   0.357143   -0.000749119
0.137931   0.428571   -0.000962914
0.137931   0.5   -0.00120758
0.137931   0.571429   -0.00148669
0.137931   0.642857   -0.00180239
0.137931   0.714286   -0.00215516
0.137931   0.785714   -0.00254368
0.137931   0.857143   -0.00295776
0.137931   0.928571   -0.00322078
0.172414   0.0714286   -0.000136772
0.172414   0.142857   -0.000314982
0.172414   0.214286   -0.000508919
0.172414   0.285714   -0.000723427
0.172414   0.357143   -0.000965681
0.172414   0.428571   -0.00124265
0.172414   0.5   -0.00156059
0.172414   0.571429   -0.00192452
0.172414   0.642857   -0.00233755
0.172414   0.714286   -0.00280001
0.172414   0.785714   -0.00330755
0.172414   0.857143   -0.0038378
0.172414   0.928571   -0.00414238
0.206897   0.0714286   -0.000166307
0.206897   0.142857   -0.000382443
0.206897   0.214286   -0.000617902
0.206897   0.285714   -0.000878843
0.206897   0.357143   -0.00117426
0.206897   0.428571   -0.00151297
0.206897   0.5   -0.00190304
0.206897   0.571429   -0.0023511
0.206897   0.642857   -0.00286143
0.206897   0.714286   -0.00343457
0.206897   0.785714   -0.00406445
0.206897   0.857143   -0.00472154
0.206897   0.928571   -0.0050955
0.241379   0.0714286   -0.000194214
0.241379   0.142857   -0.000446167
0.241379   0.214286   -0.000720996
0.241379   0.285714   -0.00102624
0.241379   0.357143   -0.00137275
0.241379   0.428571   -0.00177132
0.241379   0.5   -0.00223199
0.241379   0.571429   -0.0027632
0.241379   0.642857   -0.00337069
0.241379   0.714286   -0.00405584
0.241379   0.785714   -0.00481237
0.241379   0.857143   -0.00560749
0.241379   0.928571   -0.00607056
0.275862   0.0714286   -0.000220179
0.275862   0.142857   -0.000505431
0.275862   0.214286   -0.000817052
0.275862   0.285714   -0.00116401
0.275862   0.357143   -0.00155911
0.275862   0.428571   -0.00201522
0.275862   0.5   -0.0025445
0.275862   0.571429   -0.00315751
0.275862   0.642857   -0.00386185
0.275862   0.714286   -0.00466034
0.275862   0.785714   -0.00554782
0.275862   0.857143   -0.00649053
0.275862   0.928571   -0.007054
0.310345   0.0714286   -0.000243884
0.310345   0.142857   -0.000559519
0.310345   0.214286   -0.000904926
0.310345   0.285714   -0.00129057
0.310345   0.357143   -0.00173126
0.310345   0.428571   -0.00224205
0.310345   0.5   -0.00283749
0.310345   0.571429   -0.00353054
0.310345   0.642857   -0.00433107
0.310345   0.714286   -0.00524393
0.310345   0.785714   -0.00626596
0.310345   0.857143   -0.0073632
0.310345   0.928571   -0.00803085
0.344828   0.0714286   -0.000265017
0.344828   0.142857   -0.000607721
0.344828   0.214286   -0.00098348
0.344828   0.285714   -0.00140431
0.344828   0.357143   -0.00188706
0.344828   0.428571   -0.00244916
0.344828   0.5   -0.00310774
0.344828   0.571429   -0.00387852
0.344828   0.642857   -0.0047741
0.344828   0.714286   -0.00580185
0.344828   0.785714   -0.00696106
0.344828   0.857143   -0.00821697
0.344828   0.928571   -0.00898666
0.37931   0.0714286   -0.00028327
0.37931   0.142857   -0.000649345
0.37931   0.214286   -0.00105159
0.37931   0.285714   -0.00150361
0.37931   0.357143   -0.00202437
0.37931   0.428571   -0.00263378
0.37931   0.5   -0.00335184
0.37931   0.571429   -0.00419742
0.37931   0.642857   -0.00518631
0.37931   0.714286   -0.00632886
0.37931   0.785714   -0.00762683
0.37931   0.857143   -0.00904317
0.37931   0.928571   -0.00990875
0.413793   0.0714286   -0.000298345
0.413793   0.142857   -0.000683718
0.413793   0.214286   -0.00110817
0.413793   0.285714   -0.0015869
0.413793   0.357143   -0.00214103
0.413793   0.428571   -0.00279308
0.413793   0.5   -0.00356623
0.413793   0.571429   -0.00448292
0.413793   0.642857   -0.0055627
0.413793   0.714286   -0.00681932
0.413793   0.785714   -0.0082568
0.413793   0.857143   -0.00983366
0.413793   0.928571   -0.0107869
0.448276   0.0714286   -0.00030996
0.448276   0.142857   -0.000710203
0.448276   0.214286   -0.00115215
0.448276   0.285714   -0.00165262
0.448276   0.357143   -0.00223486
0.448276   0.428571   -0.00292416
0.448276   0.5   -0.00374716
0.448276   0.571429   -0.0047304
0.448276   0.642857   -0.00589786
0.448276   0.714286   -0.00726719
0.448276   0.785714   -0.00884448
0.448276   0.857143   -0.0105812
0.448276   0.928571   -0.0116135
0.482759   0.0714286   -0.000317854
0.482759   0.142857   -0.000728211
0.482759   0.214286   -0.00118257
0.482759   0.285714   -0.00169928
0.482759   0.357143   -0.00230374
0.482759   0.428571   -0.00302409
0.482759   0.5   -0.00389074
0.482759   0.571429   -0.00493496
0.482759   0.642857   -0.00618595
0.482759   0.714286   -0.00766608
0.482759   0.785714   -0.00938339
0.482759   0.857143   -0.0112796
0.482759   0.928571   -0.0123836
0.517241   0.0714286   -0.000321793
0.517241   0.142857   -0.000737216
0.517241   0.214286   -0.00119851
0.517241   0.285714   -0.0017255
0.517241   0.357143   -0.00234561
0.517241   0.428571   -0.00308992
0.517241   0.5   -0.00399293
0.517241   0.571429   -0.00509133
0.517241   0.642857   -0.00642061
0.517241   0.714286   -0.00800907
0.517241   0.785714   -0.00986702
0.517241   0.857143   -0.0119238
0.517241   0.928571   -0.0130944
0.551724   0.0714286   -0.000321582
0.551724   0.142857   -0.000736773
0.551724   0.214286   -0.00119921
0.551724   0.285714   -0.00173003
0.551724   0.357143   -0.00235853
0.551724   0.428571   -0.00311875
0.551724   0.5   -0.00404959
0.551724   0.571429   -0.00519388
0.551724   0.642857   -0.00659485
0.551724   0.714286   -0.00828848
0.551724   0.785714   -0.0102885
0.551724   0.857143   -0.0125094
0.551724   0.928571   -0.013745
0.586207   0.0714286   -0.000317071
0.586207   0.142857   -0.000726538
0.586207   0.214286   -0.00118404
0.586207   0.285714   -0.00171178
0.586207   0.357143   -0.00234076
0.586207   0.428571   -0.00310783
0.586207   0.5   -0.00405651
0.586207   0.571429   -0.00523661
0.586207   0.642857   -0.00670083
0.586207   0.714286   -0.00849555
0.586207   0.785714   -0.0106403
0.586207   0.857143   -0.0130324
0.586207   0.928571   -0.0143361
0.62069   0.0714286   -0.000308165
0.62069   0.142857   -0.000706291
0.62069   0.214286   -0.00115255
0.62069   0.285714   -0.00166995
0.62069   0.357143   -0.0022908
0.62069   0.428571   -0.00305458
0.62069   0.5   -0.00400949
0.62069   0.571429   -0.00521312
0.62069   0.642857   -0.00672975
0.62069   0.714286   -0.00861993
0.62069   0.785714   -0.0109132
0.62069   0.857143   -0.013489
0.62069   0.928571   -0.0148692
0.655172   0.0714286   -0.000294835
0.655172   0.142857   -0.000675956
0.655172   0.214286   -0.00110454
0.655172   0.285714   -0.001604
0.655172   0.357143   -0.00220753
0.655172   0.428571   -0.00295679
0.655172   0.5   -0.00390451
0.655172   0.571429   -0.00511669
0.655172   0.642857   -0.00667154
0.655172   0.714286   -0.00864899
0.655172   0.785714   -0.0110958
0.655172   0.857143   -0.0138744
0.655172   0.928571   -0.0153464
0.689655   0.0714286   -0.000277125
0.689655   0.142857   -0.000635623
0.689655   0.214286   -0.00104007
0.689655   0.285714   -0.0015138
0.689655   0.357143   -0.00209031
0.689655   0.428571   -0.00281275
0.689655   0.5   -0.00373789
0.689655   0.571429   -0.00494039
0.689655   0.642857   -0.00651476
0.689655   0.714286   -0.00856697
0.689655   0.785714   -0.0111724
0.689655   0.857143   -0.0141815
0.689655   0.928571   -0.0157694
0.724138   0.0714286   -0.000255162
0.724138   0.142857   -0.000585568
0.724138   0.214286   -0.000959486
0.724138   0.285714   -0.00139966
0.724138   0.357143   -0.00193907
0.724138   0.428571   -0.00262146
0.724138   0.5   -0.00350663
0.724138   0.571429   -0.00467742
0.724138   0.642857   -0.0062465
0.724138   0.714286   -0.00835387
0.724138   0.785714   -0.011121
0.724138   0.857143   -0.0143995
0.724138   0.928571   -0.0161382
0.758621   0.0714286   -0.000229162
0.758621   0.142857   -0.00052627
0.758621   0.214286   -0.000863507
0.758621   0.285714   -0.00126239
0.758621   0.357143   -0.0017545
0.758621   0.428571   -0.00238292
0.758621   0.5   -0.00320881
0.758621   0.571429   -0.00432162
0.758621   0.642857   -0.00585265
0.758621   0.714286   -0.00798421
0.758621   0.785714   -0.0109093
0.758621   0.857143   -0.0145093
0.758621   0.928571   -0.016449
0.793103   0.0714286   -0.000199433
0.793103   0.142857   -0.00045842
0.793103   0.214286   -0.000753201
0.793103   0.285714   -0.00110339
0.793103   0.357143   -0.00153817
0.793103   0.428571   -0.00209836
0.793103   0.5   -0.00284413
0.793103   0.571429   -0.00386836
0.793103   0.642857   -0.00531866
0.793103   0.714286   -0.00742587
0.793103   0.785714   -0.0104884
0.793103   0.857143   -0.0144769
0.793103   0.928571   -0.0166915
0.827586   0.0714286   -0.000166377
0.827586   0.142857   -0.000382929
0.827586   0.214286   -0.000630021
0.827586   0.285714   -0.000924705
0.827586   0.357143   -0.00129264
0.827586   0.428571   -0.00177057
0.827586   0.5   -0.0024146
0.827586   0.571429   -0.00331587
0.827586   0.642857   -0.00463143
0.827586   0.714286   -0.0066398
0.827586   0.785714   -0.00978319
0.827586   0.857143   -0.0142347
0.827586   0.928571   -0.0168521
0.862069   0.0714286   -0.0001305
0.862069   0.142857   -0.00030095
0.862069   0.214286   -0.000495858
0.862069   0.285714   -0.000729066
0.862069   0.357143   -0.00102164
0.862069   0.428571   -0.00140434
0.862069   0.5   -0.0019255
0.862069   0.571429   -0.00266743
0.862069   0.642857   -0.00378341
0.862069   0.714286   -0.00558343
0.862069   0.785714   -0.00867846
0.862069   0.857143   -0.0136391
0.862069   0.928571   -0.0169358
0.896552   0.0714286   -9.25078e-05
0.896552   0.142857   -0.000214084
0.896552   0.214286   -0.000353359
0.896552   0.285714   -0.000520433
0.896552   0.357143   -0.000730828
0.896552   0.428571   -0.00100753
0.896552   0.5   -0.00138742
0.896552   0.571429   -0.00193562
0.896552   0.642857   -0.00278202
0.896552   0.714286   -0.00422657
0.896552   0.785714   -0.00701616
0.896552   0.857143   -0.0123772
0.896552   0.928571   -0.0170291
0.931034   0.0714286   -5.38313e-05
0.931034   0.142857   -0.000125516
0.931034   0.214286   -0.000207767
0.931034   0.285714   -0.000306636
0.931034   0.357143   -0.000431508
0.931034   0.428571   -0.000596365
0.931034   0.5   -0.000823868
0.931034   0.571429   -0.00115478
0.931034   0.642857   -0.0016743
0.931034   0.714286   -0.00260538
0.931034   0.785714   -0.00466902
0.931034   0.857143   -0.00983685
0.931034   0.928571   -0.0171591
0.965517   0.0714286   -1.87956e-05
0.965517   0.142857   -4.47454e-05
0.965517   0.214286   -7.45677e-05
0.965517   0.285714   -0.000110507
0.965517   0.357143   -0.000156057
0.965517   0.428571   -0.000216417
0.965517   0.5   -0.000299975
0.965517   0.571429   -0.000421691
0.965517   0.642857   -0.000612884
0.965517   0.714286   -0.000963572
0.965517   0.785714   -0.00187146
0.965517   0.857143   -0.00522311
0.965517   0.928571   -0.0144249
