0.0344828   0.0714286   0.0126396
0.0344828   0.142857   0.0257182
0.0344828   0.214286   0.0409675
0.0344828   0.285714   0.0579871
0.0344828   0.357143   0.0773146
0.0344828   0.428571   0.0995876
0.0344828   0.5   0.12547
0.0344828   0.571429   0.155663
0.0344828   0.642857   0.19096
0.0344828   0.714286   0.23243
0.0344828   0.785714   0.28181
0.0344828   0.857143   0.33309
0.0344828   0.928571   -0.0418072
0.0689655   0.0714286   0.0057645
0.0689655   0.142857   0.00723374
0.0689655   0.214286   0.0111516
0.0689655   0.285714   0.0157183
0.0689655   0.357143   0.0209419
0.0689655   0.428571   0.0270085
0.0689655   0.5   0.0341416
0.0689655   0.571429   0.0426115
0.0689655   0.642857   0.05277
0.0689655   0.714286   0.0651037
0.0689655   0.785714   0.0798434
0.0689655   0.857143   0.0842808
0.0689655   0.928571   -0.311389
0.103448   0.0714286   0.00470213
0.103448   0.142857   0.00173875
0.103448   0.214286   0.00225471
0.103448   0.285714   0.00314433
0.103448   0.357143   0.00417565
0.103448   0.428571   0.00537108
0.103448   0.5   0.00677471
0.103448   0.571429   0.00844268
0.103448   0.642857   0.0104505
0.103448   0.714286   0.0128819
0.103448   0.785714   0.0151208
0.103448   0.857143   -0.00205914
0.103448   0.928571   -0.480704
0.137931   0.0714286   0.00566072
0.137931   0.142857   0.000659581
0.137931   0.214286   0.000380756
0.137931   0.285714   0.000499163
0.137931   0.357143   0.000658143
0.137931   0.428571   0.000841549
0.137931   0.5   0.00105449
0.137931   0.571429   0.00130455
0.137931   0.642857   0.0016009
0.137931   0.714286   0.00191858
0.137931   0.785714   0.00116998
0.137931   0.857143   -0.0279115
0.137931   0.928571   -0.653642
0.172414   0.0714286   0.00702908
0.172414   0.142857   0.000570435
0.172414   0.214286   7.75716e-05
0.172414   0.285714   6.66129e-05
0.172414   0.357143   8.55868e-05
0.172414   0.428571   0.000108415
0.172414   0.5   0.000134424
0.172414   0.571429   0.000164211
0.172414   0.642857   0.000196881
0.172414   0.714286   0.000178034
0.172414   0.785714   -0.00140909
0.172414   0.857143   -0.0411147
0.172414   0.928571   -0.845087
0.206897   0.0714286   0.00839854
0.206897   0.142857   0.00064444
0.206897   0.214286   4.1365e-05
0.206897   0.285714   8.90645e-06
0.206897   0.357143   9.4969e-06
0.206897   0.428571   1.18197e-05
0.206897   0.5   1.44444e-05
0.206897   0.571429   1.72742e-05
0.206897   0.642857   1.78557e-05
0.206897   0.714286   -5.88814e-05
0.206897   0.785714   -0.00222802
0.206897   0.857143   -0.0536288
0.206897   0.928571   -1.05357
0.241379   0.0714286   0.00968225
0.241379   0.142857   0.000733353
0.241379   0.214286   4.14584e-05
0.241379   0.285714   2.55367e-06
0.241379   0.357143   9.72895e-07
0.241379   0.428571   1.11537e-06
0.241379   0.5   1.33371e-06
0.241379   0.571429   1.46197e-06
0.241379   0.642857   -1.84046e-06
0.241379   0.714286   -0.000107818
0.241379   0.785714   -0.00292562
0.241379   0.857143   -0.0675303
0.241379   0.928571   -1.27354
0.275862   0.0714286   0.0108546
0.275862   0.142857   0.000815073
0.275862   0.214286   4.5171e-05
0.275862   0.285714   2.08038e-06
0.275862   0.357143   1.5307e-07
0.275862   0.428571   9.45591e-08
0.275862   0.5   1.04305e-07
0.275862   0.571429   -2.16605e-08
0.275862   0.642857   -4.68586e-06
0.275862   0.714286   -0.000142717
0.275862   0.785714   -0.00372214
0.275862   0.857143   -0.0830509
0.275862   0.928571   -1.49856
0.310345   0.0714286   0.0119
0.310345   0.142857   0.000886071
0.310345   0.214286   4.85979e-05
0.310345   0.285714   2.15579e-06
0.310345   0.357143   8.68495e-08
0.310345   0.428571   9.35494e-09
0.310345   0.5   2.58851e-09
0.310345   0.571429   -1.83419e-07
0.310345   0.642857   -6.28017e-06
0.310345   0.714286   -0.000182929
0.310345   0.785714   -0.00464707
0.310345   0.857143   -0.100099
0.310345   0.928571   -1.7226
0.344828   0.0714286   0.0128049
0.344828   0.142857   0.000945223
0.344828   0.214286   5.13099e-05
0.344828   0.285714   2.24343e-06
0.344828   0.357143   8.37505e-08
0.344828   0.428571   3.01854e-09
0.344828   0.5   -6.36585e-09
0.344828   0.571429   -2.50793e-07
0.344828   0.642857   -8.11058e-06
0.344828   0.714286   -0.000231069
0.344828   0.785714   -0.00570799
0.344828   0.857143   -0.118487
0.344828   0.928571   -1.9406
0.37931   0.0714286   0.0135575
0.37931   0.142857   0.000991819
0.37931   0.214286   5.32493e-05
0.37931   0.285714   2.29619e-06
0.37931   0.357143   8.39519e-08
0.37931   0.428571   2.50477e-09
0.37931   0.5   -9.02911e-09
0.37931   0.571429   -3.26649e-07
0.37931   0.642857   -1.03629e-05
0.37931   0.714286   -0.00028836
0.37931   0.785714   -0.00690953
0.37931   0.857143   -0.13798
0.37931   0.928571   -2.14873
0.413793   0.0714286   0.0141472
0.413793   0.142857   0.00102536
0.413793   0.214286   5.44066e-05
0.413793   0.285714   2.31134e-06
0.413793   0.357143   8.29435e-08
0.413793   0.428571   2.31412e-09
0.413793   0.5   -1.19065e-08
0.413793   0.571429   -4.22376e-07
0.413793   0.642857   -1.3138e-05
0.413793   0.714286   -0.000356138
0.413793   0.785714   -0.00825658
0.413793   0.857143   -0.158343
0.413793   0.928571   -2.3444
0.448276   0.0714286   0.0145654
0.448276   0.142857   0.00104556
0.448276   0.214286   5.47908e-05
0.448276   0.285714   2.29049e-06
0.448276   0.357143   8.0553e-08
0.448276   0.428571   2.07704e-09
0.448276   0.5   -1.56078e-08
0.448276   0.571429   -5.44162e-07
0.448276   0.642857   -1.6559e-05
0.448276   0.714286   -0.00043612
0.448276   0.785714   -0.00975678
0.448276   0.857143   -0.179371
0.448276   0.928571   -2.52613
0.482759   0.0714286   0.014805
0.482759   0.142857   0.00105232
0.482759   0.214286   5.44259e-05
0.482759   0.285714   2.23637e-06
0.482759   0.357143   7.69485e-08
0.482759   0.428571   1.77528e-09
0.482759   0.5   -2.046e-08
0.482759   0.571429   -7.00034e-07
0.482759   0.642857   -2.07941e-05
0.482759   0.714286   -0.000530675
0.482759   0.785714   -0.0114241
0.482759   0.857143   -0.20093
0.482759   0.928571   -2.69342
0.517241   0.0714286   0.014861
0.517241   0.142857   0.00104575
0.517241   0.214286   5.33501e-05
0.517241   0.285714   2.15239e-06
0.517241   0.357143   7.23282e-08
0.517241   0.428571   1.40106e-09
0.517241   0.5   -2.68588e-08
0.517241   0.571429   -9.01372e-07
0.517241   0.642857   -2.60827e-05
0.517241   0.714286   -0.000643238
0.517241   0.785714   -0.0132837
0.517241   0.857143   -0.222987
0.517241   0.928571   -2.84652
0.551724   0.0714286   0.0147307
0.551724   0.142857   0.00102614
0.551724   0.214286   5.16136e-05
0.551724   0.285714   2.04255e-06
0.551724   0.357143   6.69117e-08
0.551724   0.428571   9.49563e-10
0.551724   0.5   -3.54169e-08
0.551724   0.571429   -1.16496e-06
0.551724   0.642857   -3.27774e-05
0.551724   0.714286   -0.000778976
0.551724   0.785714   -0.015379
0.551724   0.857143   -0.245652
0.551724   0.928571   -2.9863
0.586207   0.0714286   0.0144135
0.586207   0.142857   0.000993988
0.586207   0.214286   4.92772e-05
0.586207   0.285714   1.91121e-06
0.586207   0.357143   6.09402e-08
0.586207   0.428571   4.16009e-10
0.586207   0.5   -4.70381e-08
0.586207   0.571429   -1.51623e-06
0.586207   0.642857   -4.14155e-05
0.586207   0.714286   -0.000945889
0.586207   0.785714   -0.0177831
0.586207   0.857143   -0.269226
0.586207   0.928571   -3.11414
0.62069   0.0714286   0.0139114
0.62069   0.142857   0.000949938
0.62069   0.214286   4.64094e-05
0.62069   0.285714   1.76301e-06
0.62069   0.357143   5.4738e-08
0.62069   0.428571   -5.85241e-11
0.62069   0.5   -6.28494e-08
0.62069   0.571429   -1.99455e-06
0.62069   0.642857   -5.28426e-05
0.62069   0.714286   -0.00115673
0.62069   0.785714   -0.0206169
0.62069   0.857143   -0.294286
0.62069   0.928571   -3.2319
0.655172   0.0714286   0.0132288
0.655172   0.142857   0.000894797
0.655172   0.214286   4.30846e-05
0.655172   0.285714   1.60336e-06
0.655172   0.357143   4.98479e-08
0.655172   0.428571   1.6194e-09
0.655172   0.5   -8.14361e-08
0.655172   0.571429   -2.65776e-06
0.655172   0.642857   -6.84318e-05
0.655172   0.714286   -0.00143255
0.655172   0.785714   -0.0240838
0.655172   0.857143   -0.321832
0.655172   0.928571   -3.34199
0.689655   0.0714286   0.0123726
0.689655   0.142857   0.000829498
0.689655   0.214286   3.93848e-05
0.689655   0.285714   1.44662e-06
0.689655   0.357143   6.1846e-08
0.689655   0.428571   2.96842e-08
0.689655   0.5   -6.56273e-08
0.689655   0.571429   -3.53933e-06
0.689655   0.642857   -9.04004e-05
0.689655   0.714286   -0.00180941
0.689655   0.785714   -0.0285368
0.689655   0.857143   -0.353588
0.689655   0.928571   -3.44759
0.724138   0.0714286   0.0113526
0.724138   0.142857   0.000755108
0.724138   0.214286   3.54547e-05
0.724138   0.285714   1.40419e-06
0.724138   0.357143   2.53013e-07
0.724138   0.428571   3.34134e-07
0.724138   0.5   3.86922e-07
0.724138   0.571429   -4.094e-06
0.724138   0.642857   -0.000121503
0.724138   0.714286   -0.00235057
0.724138   0.785714   -0.0346215
0.724138   0.857143   -0.392659
0.724138   0.928571   -3.55272
0.758621   0.0714286   0.0101811
0.758621   0.142857   0.000673134
0.758621   0.214286   3.20521e-05
0.758621   0.285714   2.51925e-06
0.758621   0.357143   2.16355e-06
0.758621   0.428571   3.23233e-06
0.758621   0.5   4.93233e-06
0.758621   0.571429   1.70817e-06
0.758621   0.642857   -0.000156965
0.758621   0.714286   -0.00315635
0.758621   0.785714   -0.0435752
0.758621   0.857143   -0.445146
0.758621   0.928571   -3.66149
0.793103   0.0714286   0.00887433
0.793103   0.142857   0.000588374
0.793103   0.214286   3.52374e-05
0.793103   0.285714   1.37555e-05
0.793103   0.357143   1.88352e-05
0.793103   0.428571   2.78713e-05
0.793103   0.5   4.28449e-05
0.793103   0.571429   6.20576e-05
0.793103   0.642857   -0.000117821
0.793103   0.714286   -0.00427267
0.793103   0.785714   -0.0576703
0.793103   0.857143   -0.524067
0.793103   0.928571   -3.77458
0.827586   0.0714286   0.00746233
0.827586   0.142857   0.000530159
0.827586   0.214286   9.0822e-05
0.827586   0.285714   0.000102767
0.827586   0.357143   0.000147157
0.827586   0.428571   0.000213201
0.827586   0.5   0.000319626
0.827586   0.571429   0.000502788
0.827586   0.642857   0.00056739
0.827586   0.714286   -0.0048681
0.827586   0.785714   -0.0795781
0.827586   0.857143   -0.65675
0.827586   0.928571   -3.88063
0.862069   0.0714286   0.00605062
0.862069   0.142857   0.000684007
0.862069   0.214286   0.000496812
0.862069   0.285714   0.000706372
0.862069   0.357143   0.00100418
0.862069   0.428571   0.00142581
0.862069   0.5   0.00207691
0.862069   0.571429   0.00320393
0.862069   0.642857   0.0050874
0.862069   0.714286   0.0011255
0.862069   0.785714   -0.103265
0.862069   0.857143   -0.886496
0.862069   0.928571   -3.9574
0.896552   0.0714286   0.00512214
0.896552   0.142857   0.00203832
0.896552   0.214286   0.00284696
0.896552   0.285714   0.00414815
0.896552   0.357143   0.00583902
0.896552   0.428571   0.00815331
0.896552   0.5   0.0115716
0.896552   0.571429   0.017217
0.896552   0.642857   0.0278106
0.896552   0.714286   0.0413095
0.896552   0.785714   -0.0719362
0.896552   0.857143   -1.21414
0.896552   0.928571   -4.21875
0.931034   0.0714286   0.00656117
0.931034   0.142857   0.00862748
0.931034   0.214286   0.0136799
0.931034   0.285714   0.0199543
0.931034   0.357143   0.0279109
0.931034   0.428571   0.0385305
0.931034   0.5   0.0536183
0.931034   0.571429   0.0771237
0.931034   0.642857   0.11961
0.931034   0.714286   0.204655
0.931034   0.785714   0.229607
0.931034   0.857143   -1.32146
0.931034   0.928571   -7.20709
0.965517   0.0714286   0.0150602
0.965517   0.142857   0.0310566
0.965517   0.214286   0.0505078
0.965517   0.285714   0.073893
0.965517   0.357143   0.103313
0.965517   0.428571   0.142076
0.965517   0.5   0.195794
0.965517   0.571429   0.275503
0.965517   0.642857   0.408475
0.965517   0.714286   0.679603
0.965517   0.785714   1.25784
0.965517   0.857143   0.634145
0.965517   0.928571   -14.4627
