0.0243295
0.0584303
0.0953516
0.135745
0.180737
0.231262
0.28792
0.350826
0.419594
0.494081
0.579416
0.715507
1.10992
0.0316166
0.0752657
0.125428
0.185879
0.262497
0.364025
0.50457
0.709296
1.03088
1.62072
3.14766
8.78448
24.2606
0.00567013
0.0167008
0.0290972
0.0415291
0.0536159
0.0651934
0.0761332
0.0863111
0.0956034
0.103887
0.111043
0.116952
0.121505
0.124599
0.126143
0.12606
0.124292
0.120801
0.115575
0.108633
0.100023
0.0898316
0.078178
0.0652201
0.0511566
0.0362637
0.0211026
0.00736843
-27.7413
-27.4204
-27.0851
-26.7374
-26.3761
-26.0025
-25.6203
-25.2347
-24.8518
-24.4771
-24.1157
-23.7715
-23.4475
-23.1456
-22.867
-22.612
-22.3804
-22.1714
-21.9844
-21.8186
-21.6741
-21.5523
-21.4573
-21.3943
-21.3615
-21.3249
-21.274
-22.3459
